[Test  0]
----------------
[Input Matrix]
  7   6   9   3 
  1  15  10  12 
  9  13  10  11 
  2  11   3   6 

[Weight Matrix]
 12   2   4   8 
 11   8   7  13 
  6  10  14   3 
  3  15   9  10 

[Result Matrix]
213 197 223 191 
273 402 357 353 
344 387 366 381 
181 212 181 228 

----------------
[Test  1]
----------------
[Input Matrix]
  6   2  13   7 
  1   8   3  10 
  5  13   5   7 
  8   9  14   4 

[Weight Matrix]
 12   2   4   8 
 11   8   7  13 
  6  10  14   3 
  3  15   9  10 

[Result Matrix]
193 263 283 183 
148 246 192 221 
254 269 244 294 
291 288 327 263 

----------------
[Test  2]
----------------
[Input Matrix]
 11   2  13   6 
 11   4   4   1 
 14   2   4   1 
  1  13  12   7 

[Weight Matrix]
 12   2   4   8 
 11   8   7  13 
  6  10  14   3 
  3  15   9  10 

[Result Matrix]
250 258 294 213 
203 109 137 162 
217  99 135 160 
248 331 326 283 

----------------
[Test  3]
----------------
[Input Matrix]
  0   9  14   1 
  1   1  12   7 
 14   1  14   7 
 10  12  11   6 

[Weight Matrix]
 12   2   4   8 
 11   8   7  13 
  6  10  14   3 
  3  15   9  10 

[Result Matrix]
186 227 268 169 
116 235 242 127 
284 281 322 237 
336 316 332 329 

----------------
[Test  4]
----------------
[Input Matrix]
 15   8  12  10 
 12   0  11  11 
  2  15  12   4 
 12   8  11  12 

[Weight Matrix]
  2  10  14   3 
 11  10  10  10 
 11   9   1   6 
  5  12  12   4 

[Result Matrix]
300 458 422 237 
200 351 311 146 
321 326 238 244 
293 443 403 230 

----------------
[Test  5]
----------------
[Input Matrix]
  5   8  14   1 
  9   9  12  11 
  8   9  15   5 
  1  11   1   3 

[Weight Matrix]
  2  10  14   3 
 11  10  10  10 
 11   9   1   6 
  5  12  12   4 

[Result Matrix]
257 268 176 183 
304 420 360 233 
305 365 277 224 
149 165 161 131 

----------------
[Test  6]
----------------
[Input Matrix]
  5  15   7   0 
  9   1  10   5 
 10  11  11   0 
  8   7   4  13 

[Weight Matrix]
  2  10  14   3 
 11  10  10  10 
 11   9   1   6 
  5  12  12   4 

[Result Matrix]
252 263 227 207 
164 250 206 117 
262 309 261 206 
202 342 342 170 

----------------
[Test  7]
----------------
[Input Matrix]
 15   3  14   8 
 12  11   4   5 
  4   3  10   5 
 14  11   9   3 

[Weight Matrix]
  2  10  14   3 
 11  10  10  10 
 11   9   1   6 
  5  12  12   4 

[Result Matrix]
257 402 350 191 
214 326 342 190 
176 220 156 122 
263 367 351 218 

----------------
[Test  8]
----------------
[Input Matrix]
 11   0   4   4 
  1  14   9  12 
 10   4  12   2 
 11   0  15  11 

[Weight Matrix]
  3  13   3   0 
  8   7   5  12 
 11  15   2   9 
 10  11  13   5 

[Result Matrix]
117 247  93  56 
334 378 247 309 
214 360 100 166 
308 489 206 190 

----------------
[Test  9]
----------------
[Input Matrix]
 11   1  10  12 
 15   3   8   9 
  8   4  11   3 
  5  10  14   8 

[Weight Matrix]
  3  13   3   0 
  8   7   5  12 
 11  15   2   9 
 10  11  13   5 

[Result Matrix]
271 432 214 162 
247 435 193 153 
207 330 105 162 
329 433 197 286 

----------------
[Test 10]
----------------
[Input Matrix]
  8   2   8   0 
  9  13  13   4 
 12  15  14   7 
 10  11  12   5 

[Weight Matrix]
  3  13   3   0 
  8   7   5  12 
 11  15   2   9 
 10  11  13   5 

[Result Matrix]
128 238  50  96 
314 447 170 293 
380 548 230 341 
300 442 174 265 

----------------
[Test 11]
----------------
[Input Matrix]
 12   6   1  11 
 10  10   5   2 
 14   0   5   3 
 11   4  12   3 

[Weight Matrix]
  3  13   3   0 
  8   7   5  12 
 11  15   2   9 
 10  11  13   5 

[Result Matrix]
205 334 211 136 
185 297 116 175 
127 290  91  60 
227 384 116 171 

----------------
[Test 12]
----------------
[Input Matrix]
  6   4   3  15 
  2   0   4  14 
 15   2   5   9 
 13   2  14   9 

[Weight Matrix]
  8   0   4   2 
 10   9   4   8 
 10  10  12   5 
 14   8   8   4 

[Result Matrix]
328 186 196 119 
252 152 168  80 
316 140 200 107 
390 230 300 148 

----------------
[Test 13]
----------------
[Input Matrix]
 12  11   3  14 
 12   7  13  11 
  9   2   5   6 
  4   3  15  13 

[Weight Matrix]
  8   0   4   2 
 10   9   4   8 
 10  10  12   5 
 14   8   8   4 

[Result Matrix]
432 241 240 183 
450 281 320 189 
226 116 152  83 
394 281 312 159 

----------------
[Test 14]
----------------
[Input Matrix]
  3   4  15  13 
 13   4   6   7 
 14   2  12  12 
 10   4   0   6 

[Weight Matrix]
  8   0   4   2 
 10   9   4   8 
 10  10  12   5 
 14   8   8   4 

[Result Matrix]
396 290 312 165 
302 152 196 116 
420 234 304 152 
204  84 104  76 

----------------
[Test 15]
----------------
[Input Matrix]
  0   3   5  12 
 11   2   7   4 
  4  12  11   9 
  0  10   6   3 

[Weight Matrix]
  8   0   4   2 
 10   9   4   8 
 10  10  12   5 
 14   8   8   4 

[Result Matrix]
248 173 168  97 
234 120 168  89 
388 290 268 195 
202 174 136 122 

----------------
